3665
3224
25c3
2e24
3665
3225
3224
3645
3a65
3224
25c3
2e24
3665
3225
3224
3645
3225
3624
2e04
3225
2e04
2e04
3224
3225
3225
3624
2e04
3225
2e04
2e04
3245
2e04
2e04
2e24
29e3
29e3
3644
3244
3a65
2e04
2e24
2e04
29e3
29e3
3644
3244
3a65
2e04
2e04
2e03
3665
29e3
2e03
3a65
3224
3225
2e04
2e03
3665
29e3
2e03
3a65
3224
3224
3665
3224
3a65
3a86
25c3
2e03
3224
2e04
3645
3224
3a65
3a86
25c3
2e03
3224
2e04
3645
29e3
3665
3224
29e3
3244
2e03
2de4
3645
29e3
3665
3224
29e3
3244
2e03
29e4
3645
2e04
3245
3244
3244
3224
3224
3645
3224
3224
3245
3244
3244
3224
3224
3645
2e04
3224
2e04
29e3
3665
3224
2e03
3645
2e04
3224
2e04
29e3
3665
3224
2e03
3645
2e24
2e24
2e04
29e3
3665
3224
2e03
3645
2e04
3224
2e04
29e3
3665
3224
2e03
3645
3224
3224
3245
3244
3244
3224
3224
3645
3224
3224
3245
3244
3244
3224
3244
3224
3224
29e3
3665
3224
29e3
3244
2e03
2de4
3645
29e3
3665
3224
29e3
3244
2e03
2de4
3645
3224
3a65
3a86
25c3
2e03
3224
2e04
3645
3224
3a65
3a86
25c3
2e03
3224
29e4
2e04
2e03
3665
29e3
2e03
3a65
3224
3225
2e04
2e03
3665
29e3
2e03
3a65
3224
3225
3224
2e04
29e3
29e3
3644
3244
3a65
3204
3224
2e04
29e3
29e3
3644
3244
3664
3224
3245
3224
2e04
3225
2e04
2e04
3224
3225
3225
3624
2e04
3225
2e04
2e04
3224
3225
3a65
3224
25a3
3225
3665
3225
3224
3225
3a65
3224
25a3
3225
3665
3225
3224
3225
3665
3224
25a3
3225
3665
3225
3224
3225
3a65
3224
25a3
3225
3665
3225
3224
3225
3225
3624
2e04
3225
2e04
2e04
3224
3225
3225
3624
2e04
3225
2e04
2e04
3245
2e04
2e24
2e24
29e3
29e3
3644
3244
3a65
3204
3224
2e04
29e3
29e3
3644
3244
3a65
3204
2e04
2e03
3665
29e3
2e03
3a65
3224
3225
2e04
2e03
3665
29e3
2e03
3a65
3224
3224
3665
3224
3a65
3a86
25c3
2e03
3224
2e04
3645
3224
3a65
3a86
25c3
2e03
3224
2e04
3645
29e3
3665
3224
29e3
3244
2e03
2de4
3645
29e3
3665
3224
29e3
3244
2e03
29e4
3645
2e04
3245
3244
3244
3224
3224
3645
3224
3224
3245
3244
3244
3224
3224
3645
2e04
3224
2e04
29e3
3665
3224
2e03
3645
2e04
3224
2e04
29e3
3665
3224
2e03
3645
2e24
2e24
2e04
29e3
3665
3224
2e03
3645
2e04
3224
2e04
29e3
3665
3224
2e03
3645
3224
3224
3245
3244
3244
3224
3224
3645
3224
3224
3245
3244
3244
3224
3244
3224
3224
29e3
3665
3224
29e3
3244
2e03
2de4
3645
29e3
3665
3224
29e3
3244
2e03
2de4
3645
3224
3a65
3a86
25c3
2e03
3224
2e04
3645
3224
3a65
3a86
25c3
2e03
3224
29e4
2e04
2e03
3665
29e3
2e03
3a65
3224
3225
2e04
2e03
3665
29e3
2e03
3a65
3224
3225
2e24
2e04
29e3
29e3
3644
3244
3a65
2e04
2e24
2e04
29e3
29e3
3644
3244
3664
3224
3245
3224
2e04
3225
2e04
2e04
3224
3225
3225
3624
2e04
3225
2e04
2e04
3224
3225
3a65
3224
25c3
2e24
3665
3225
3224
3645
3a65
3224
25c3
2e24
3665
3225
3224
3645
3225
3224
3225
3665
3225
25a3
3224
3a65
3225
3224
3225
3665
3225
25a3
3224
3665
3204
3245
2e04
2e04
3224
2e04
3224
2e25
3225
3245
2e04
2e04
3224
2e04
3224
2e25
3204
3a65
3244
3644
29e3
29e3
2e04
3224
3204
3a65
3244
3644
29e3
29e3
2e24
2e24
3224
3223
3a65
2e03
29e3
3665
2e03
2e04
3245
3224
3a65
2e03
29e3
3665
2e03
2e04
2e04
3224
2e03
25c3
3a86
3a65
3224
3645
2e04
3224
2e03
25c3
3a86
3a65
3224
3665
29e4
2e03
3244
29e3
3224
3665
29e3
3645
2de4
2e03
3244
29e3
3224
3665
29e3
3645
3645
3224
3224
3244
3244
3245
3224
3224
3645
3224
3224
3244
3244
3245
2e04
3645
3645
2e03
3224
3665
29e3
2e04
3224
2e04
3645
2e03
3224
3665
29e3
2e04
3224
2e04
3645
2e03
3224
3665
29e3
2e04
3224
2e04
3645
2e03
3224
3665
29e3
2e04
2e24
2e24
3224
3244
3224
3244
3244
3245
3224
3224
3645
3224
3224
3244
3244
3245
3224
3224
2de4
2e03
3244
29e3
3224
3665
29e3
3645
2de4
2e03
3244
29e3
3224
3665
29e3
3224
29e4
3224
2e03
25c3
3a86
3a65
3224
3645
2e04
3224
2e03
25c3
3a86
3a65
3224
3645
3225
3224
3a65
2e03
29e3
3665
2e03
2e04
3225
3224
3a65
2e03
29e3
3665
2e03
2e04
3224
3664
3244
3644
29e3
29e3
2e04
3224
3204
3a65
3244
3644
29e3
29e3
2e04
3224
3225
3224
2e04
2e04
3225
2e04
3624
3225
3225
3224
2e04
2e04
3225
2e04
3224
3245
3225
3224
3225
3665
3225
25a3
3224
3a65
3225
3224
3225
3665
3225
25a3
3224
3a65
3225
3224
3225
3665
3225
25a3
3224
3a65
3225
3224
3225
3665
3225
25a3
3224
3665
2e04
3245
2e04
2e04
3225
2e04
3624
3225
3225
3224
2e04
2e04
3225
2e04
3624
3225
3204
3a65
3244
3644
29e3
29e3
2e04
3224
3204
3a65
3244
3644
29e3
29e3
2e24
2e24
3224
3224
3a65
2e03
29e3
3665
2e03
2e04
3225
3224
3a65
2e03
29e3
3665
2e03
2e04
2e04
3224
2e03
25c3
3a86
3a65
3224
3645
2e04
3224
2e03
25c3
3a86
3a65
3224
3665
29e4
2e03
3244
29e3
3224
3665
29e3
3645
2de4
2e03
3244
29e3
3224
3665
29e3
3645
3645
3224
3224
3244
3244
3245
3224
3224
3645
3224
3224
3244
3244
3245
2e04
3645
3645
2e03
3224
3665
29e3
2e04
3224
2e04
3645
2e03
3224
3665
29e3
2e04
3224
2e04
3645
2e03
3224
3665
29e3
2e04
3224
2e04
3645
2e03
3224
3665
29e3
2e04
2e24
2e24
3224
3244
3224
3244
3244
3245
3224
3224
3645
3224
3224
3244
3244
3245
3224
3224
2de4
2e03
3244
29e3
3224
3665
29e3
3645
2de4
2e03
3244
29e3
3224
3665
29e3
3224
29e4
3224
2e03
25c3
3a86
3a65
3224
3645
2e04
3224
2e03
25c3
3a86
3a65
3224
3645
3245
3224
3a65
2e03
29e3
3665
2e03
2e04
3245
3224
3a65
2e03
29e3
3665
2e03
2e04
3224
3664
3244
3644
29e3
29e3
2e04
3224
3204
3a65
3244
3644
29e3
29e3
2e04
3224
3225
3245
2e04
2e04
3224
2e04
3224
2e25
3225
3245
2e04
2e04
3224
2e04
3224
3225
3225
3224
3225
3665
3225
25a3
3224
3a65
3225
3224
3225
3665
3225
25a3
3224
3a65
